[hombres.jpg]
text=1;157;31;regalos originales para hombres;Algerian;0.406955,0.365105,0.176717,6.283185;v1,4292232773,4289980305,128.000000,1.000000,0.500000,1.000000,400,258,49152;;
backuphash=5428
textactive=1
